28
16
Round The Bend
1111111111111111111111111111
1100000000000000000000000011
1100000000000000000000000011
1100000000000000000000000011
1100000000000000000000000011
1100000000000000000000000011
1100000000000000000000000011
1100000000000000000000000011
1100000000000000000000000011
1100000000000000000000000011
1100000000000000000000000011
1100000000000000000000000011
1100000000000000000000000011
1100000000000000000000000011
1100000000000000000000000011
1111111111111111111111111111
25
14
Round The Bend
1111111111111111111111111
1000000000000000000000001
1000000000000000000000001
1000000000000000000000001
1000000000000000000000001
1000000000000000000000001
1000000000000000000000001
1000000000000000000000001
1000000000000000000000001
1000000000000000000000001
1000000000000000000000001
1000000000000000000000001
1000000000000000000000001
1111111111111111111111111
level1-2.txt